586 737 487 667 600 561 527 628 574 652 757 923 599 650 678 
592 721 514 691 589 572 515 619 553 654 777 941 613 631 680 
598 711 572 719 690 660 631 619 547 655 778 973 652 718 700 
631 801 658 749 689 731 610 656 643 715 856 1047 644 760 774 
701 820 616 716 768 631 640 739 646 752 817 1078 741 777 751 
671 808 613 714 698 683 595 690 629 726 795 1074 663 752 711 
656 743 642 660 750 635 601 690 625 708 751 1056 683 789 684 
602 762 579 674 701 592 611 637 530 675 717 982 639 706 704 
747 823 597 754 755 666 705 726 650 784 861 1168 722 836 744 
499 676 483 594 635 509 509 573 507 619 630 864 641 596 629 
736 859 713 807 857 795 698 795 700 791 892 1173 788 888 798 
729 887 658 817 775 737 665 780 740 842 903 1181 770 848 805 
656 746 577 715 598 586 518 659 595 705 792 1026 618 687 674 
641 752 637 703 631 687 570 632 577 666 770 990 592 754 668 
544 730 554 648 655 642 516 606 583 636 785 989 588 643 731 
