302 445 294 334 424 397 370 297 361 307 318 329 402 354 390 
220 407 231 344 349 376 257 320 365 278 302 313 419 256 329 
233 257 267 253 237 218 226 157 217 204 273 234 306 250 229 
264 424 277 304 340 361 286 262 304 257 281 325 394 315 317 
176 339 252 368 306 362 267 228 314 243 261 285 327 277 293 
221 406 229 372 283 341 238 304 360 182 352 277 400 253 307 
333 433 360 452 398 431 350 306 350 290 324 350 437 329 328 
174 287 172 294 236 290 171 244 224 151 179 227 279 171 219 
233 363 324 359 326 374 223 316 313 204 221 281 362 256 302 
228 307 246 327 312 340 262 244 281 203 205 247 321 249 275 
247 383 261 352 367 333 269 256 311 242 286 307 431 302 313 
153 233 203 315 172 195 135 210 242 112 281 186 295 173 195 
276 405 225 414 374 371 314 366 379 232 358 272 412 270 392 
267 266 203 337 321 245 307 238 311 174 263 145 319 230 210 
182 298 232 239 273 274 208 163 237 165 159 234 298 253 195 
