7 11 10 9 13 8 9 10 5 8 6 12 9 8 11 
10 7 14 9 8 6 9 13 5 10 5 13 10 11 8 
10 8 10 13 10 8 6 14 14 8 10 12 6 6 8 
11 6 13 11 7 14 10 12 14 10 8 13 12 6 6 
13 9 9 8 14 6 10 13 6 14 13 12 14 8 7 
8 11 10 9 7 13 10 7 10 12 13 10 11 13 8 
10 12 9 5 11 10 7 9 13 14 12 5 12 12 8 
5 11 6 5 10 8 6 13 9 10 13 10 11 10 14 
12 13 13 6 14 7 10 8 13 14 11 14 5 14 10 
12 6 6 7 14 7 7 11 6 5 11 7 8 13 5 
11 11 12 13 11 11 7 14 13 14 14 6 12 10 12 
10 14 9 13 14 14 13 13 10 11 12 11 8 11 8 
5 14 12 7 5 10 10 11 7 13 7 12 11 14 8 
5 12 14 6 5 14 7 8 14 10 11 10 11 7 9 
11 10 6 11 5 12 10 6 14 6 6 8 14 13 7 
